%YAML:1.0
---
deviceType: Camera
K: !!opencv-matrix
   rows: 3
   cols: 3
   dt: d
   data: [ 5.8101144196059124e+02, 0., 4.6611629315197757e+02, 0.,
       5.8101144196059124e+02, 3.1452011177827347e+02, 0., 0., 1. ]
D: !!opencv-matrix
   rows: 5
   cols: 1
   dt: d
   data: [ -2.2014989146912736e-01, 8.5425465030947167e-02, 0., 0.,
       -1.0028586265519970e-02 ]
r: !!opencv-matrix
   rows: 3
   cols: 1
   dt: d
   data: [ -1.1807990379949584e-01, 2.6432626746010345e-02,
       6.0202700851630056e-02 ]
t: !!opencv-matrix
   rows: 3
   cols: 1
   dt: d
   data: [ 3.0299999999999999e-01, -3.4999999999999998e-01,
       2.0569999999999999e+00 ]
sz: [ 960, 600 ]
remapped:
   []
dm: simple
